0.0634580819873337
0.011210377123350837
0.010943952175263545
0.010674739420439668
0.010399622218444872
0.010119069881952124
0.0098349551290335
0.009549799789441803
0.009266404165889253
0.008987615142148707
0.008716158907515342
0.008454515036422047
0.00820482391436078
0.007968823812991382
0.007747818996395005
0.007542672914478001
0.007353826988988695
0.00718133610314539
0.0070249173627857766
0.006884010127546164
0.006757836973215642
0.006645462115177877
0.006545849299909847
0.006457911087111236
0.006380551151723071
0.006312693480239931
0.006253309749696228
0.006201434193439939
0.006156174259055485
0.0061167169850877175
0.006082328809335458
0.0060523546376329
0.0060262139137396715
0.006003396362497477
0.005983452754232948
0.005965992185032878
0.005950674948492205
0.005937207443754847
0.005925334834061227
0.005914837672373504
0.005905527154501821
0.005897240857306531
0.005889839596693083
0.005883201467839167
0.005877222724929313
0.005871815624961152
0.00586690308013929
0.005862418585486424
0.005858306453024729
0.005854517817850108
0.005851010730778742
0.005847748986460342
0.005844700471146353
0.005841838528748109
0.005839137936949546
0.0058365788126139035
0.0058341432580707765
0.005831817177873658
0.005829591806920265
0.005827450752538851
0.005825385459648778
0.005823385454604439
0.005821444499367127
0.005819552383350104
0.005817704120329197
0.005815893870360706
0.005814117368101581
0.005812369222008189
0.005810645743430773
0.0058089435312708845
0.005807259494713297
0.0058055941367461065
0.0058039421053348245
0.00580230128651211
0.005800670121971776
0.00579905000659895
0.005797439081368497
0.005795833976000301
0.0057942334967296645
0.005792635686240544
0.005791039516051714
0.005789444029555117
0.0057878483581272205
0.005786251930326497
0.0057846537455350944
0.0057830531358177145
0.005781449562276724
0.005779842691800252
0.005778232218071732
0.005776617664833968
0.0057749981561472435
0.0057733732830788954
0.005771742731812727
0.0057701061258302625
0.0057684630420797535
0.0057668140205601615
0.005765158670806715
0.005763496154375331
0.005761826537986976
0.005760149204156178
0.005758468248069177
0.00575678001659158
0.005755084334391164
0.00575338076003894
0.005751669266006591
0.0057499501915419795
0.005748222710611738
0.005746486367157702
0.005744742536051283
0.005742989712751061
0.005741227584408715
0.005739457942786528
0.005737679744830143
0.00573589274625727
0.0057340966450512044
0.00573229042088278
0.005730473962670103
0.00572864932844226
0.005726814624402177
0.0057249767684018175
0.005723130429982959
0.005721273503044642
0.005719406428830152
0.005717534582155665
0.005715652279869411
0.005713759130982436
0.0057118554875211355
0.005709941113928639
0.00570801562695422
0.00570607894766124
0.005704131000624413
0.0057021722751382144
0.005700202514613917
0.005698221282677671
0.005696228510927879
0.005694224138434607
0.005692208124834247
0.005690180677687922
0.005688142434633639
0.005686093023659871
0.005684031884678693
0.005681958817963873
0.005679875662776092
0.005677781428957415
0.005675675969775022
0.005673558475885115
0.005671428962108857
0.005669287791445431
0.005667134620755079
0.005664969352605399
0.005662792120364822
0.005660602627118268
0.005658402183264718
0.0056561896578466025
0.005653964689490232
0.005651728446271252
0.0056494803209588655
0.005647219703643464
0.005644946543546379
0.005642660816843256
0.0056403632907868415
0.005638055113315731
0.005635735893452745
0.005633404866528734
0.005631063330270185
0.005628709786296347
0.005626343556904436
0.0056239646158079476
0.005621573432427506
0.005619170148119415
0.005616757263721362
0.005614332422891737
0.005611895160659995
0.005609445908871219
0.005606984652258703
0.005604513691442114
0.005602031891400642
0.005599540118797629
0.005597037645826008
0.0055945236868962835
0.005591998394705476
0.005589466210306679
0.005586922749468792
0.005584367844604354
0.005581800586700179
0.005579220840761847
0.005576628487750162
0.005574023867676769
0.005571407470930784
0.005568778934831388
0.005566146054375248
0.00556350086380764
0.005560845226845325
0.005558177451598925
0.00555550005819976
0.005552815778902348
0.005550120434437379
0.005547413723791574
0.005544695494622348
0.005541965112144297
0.005539224594245458
0.005536473137342399
0.005533709882314786
0.0055309344019029245
0.005528147016661456
0.005525348723743458
0.005522539205390367
0.005519717883001761
0.005516885566707438
0.005514041544764215
0.0055111856291535765
0.005508318685712296
0.005505443171083378
0.005502563864098118
0.005499673573642111
0.005496772603937457
0.005493861993483862
0.005490945305118971
0.005488017970437598
0.005485079909377917
0.005482131594642972
0.0054791718729790585
0.005476202730221925
0.005473225009354957
0.0054702400945991665
0.005467245399333979
0.0054642473848277705
0.0054612396506313506
0.005458221543589195
0.005455198275740107
0.005452168500060216
0.00544913045626734
0.005446084358816225
0.005443027770450399
0.005439961690533953
0.005436886396955683
0.005433801849248124
0.005430708257593735
0.005427606101748953
0.005424494436118819
0.005421372409424645
0.005418241408458356
0.005415102964078339
0.0054119553236966845
0.005408800337879231
0.005405636368044819
0.005402463961463734
0.0053992839417457755
0.005396095748492991
0.005392904674058221
0.0053897145686966465
0.005386522004454462
0.005383324306950548
0.005380124519853867
0.005376938435702228
0.005373746589597783
0.005370564718760284
0.005367384835830332
0.005364199221224076
0.005361005611473153
0.005357804109970515
0.005354594292875624
0.005351380626982205
0.005348173698313627
0.00534495864775069
0.0053417372798964784
0.005338511490523758
0.0053352781001742965
0.00533203680370252
0.005328788902246007
0.005325536158433766
0.00532228246912463
0.005319038405980934
0.005315789457784164
0.005312533999447297
0.00530927169405539
0.005306002370623218
0.005302728826573468
0.005299466371369048
0.005296197859352074
0.005292922820645645
0.0052896455328746836
0.005286373597812268
0.005283096271723866
0.0052798149443191965
0.0052765392376748895
0.005273260655561448
0.005269976178048363
0.00526668631511459
0.005263403216737609
0.005260117223312391
0.005256826722753965
0.00525353327063927
0.005250235661528143
0.005246936862895067
0.005243633544106303
0.005240325178089081
0.005237011653077761
0.005233694317816701
0.0052303730174402905
0.0052270478073755235
0.005223719180450878
0.005220386310551656
0.005217052487947553
0.005213723580783903
0.005210394878696288
0.005207067569366332
0.005203736699052012
0.0052004035264108
0.005197066012430785
0.005193729512377087
0.005190390328036316
0.005187050303237185
0.00518370931861761
0.0051803660049525736
0.005177020899191322
0.0051736728728573825
0.005170321474687001
0.005166968074970638
0.005163624561913682
0.005160278008478907
0.005156929734619001
0.005153580513441161
0.005150229470659245
0.005146878511687059
0.0051435334924211824
0.0051401859310868875
0.005136837094298591
0.005133486995391887
0.005130140601517194
0.005126811365983155
0.005123479902075123
0.0051201469814352975
0.0051168135617809946
0.005113479685514546
0.005110144854905622
0.005106813630884349
0.005103487548397552
0.005100159852185057
0.005096832107977539
0.0050935139506917545
0.005090195825152422
0.005086875749969206
0.005083553775943515
0.005080234536731276
0.00507691475849735
0.005073593912168837
0.005070271970181677
0.00506695038613629
0.00506362836756829
0.00506030513767428
0.005056982383814738
0.005053659655645843
0.005050336424415956
0.005047023561610161
0.00504371234151955
0.00504040197372489
0.005037094731918982
0.0050337870316323075
0.005030483282229655
0.005027180721322578
0.005023887071954416
0.00502059752402107
0.0050173089118347
0.00501402079513971
0.005010735449713851
0.005007451671875246
0.005004189618381377
0.0050009283149649855
0.004997667229942886
0.004994406865079245
0.004991146810131371
0.004987887509883315
0.004984628249338915
0.004981371047268196
0.004978114884806569
0.0049748625836987794
0.004971614979935963
0.004968376457492025
0.004965142014164447
0.00496191087517191
0.004958681330253662
0.00495545378417211
0.004952246142013005
0.004949040794402846
0.004945844168895971
0.004942670230190531
0.004939502300663542
0.004936338775611778
0.004933178175471943
0.004930020544150215
0.0049268646028715665
0.0049237100500267245
0.004920573784903373
0.004917449114672893
0.004914327708946474
0.004911208530136595
0.004908092738866901
0.004904978915251121
0.0049018707424843735
0.004898765329815657
0.004895662484795386
0.0048925643270126785
0.004889468329241985
0.004886374152990931
0.004883281553256279
0.004880190645441958
0.004877101794964081
0.004874015513814594
0.004870931637371543
0.004867850447901203
0.004864772430450616
0.004861697225069892
0.004858633170424398
0.004855580700043226
0.004852530781200326
0.004849504641339032
0.0048464895465419955
0.004843477423674854
0.004840468728724123
0.0048374637693896485
0.004834461673919769
0.004831462486185642
0.0048284677710302105
0.004825477977234042
0.004822491354488764
0.0048195082853319015
0.0048165301117314065
0.00481355537233509
0.004810583834835608
0.004807615104201934
0.004804649758756531
0.004801687250555641
0.004798727564333936
0.004795770919148143
0.004792817959641402
0.004789869283711571
0.004786923516520905
0.004783980595191059
0.004781051506800052
0.004778137161153113
0.004775226551368231
0.0047723189448621835
0.004769415798313997
0.004766516639621645
0.004763621518404553
0.004760741440880009
0.004757865649872835
0.004754993257540081
0.004752129220388614
0.004749272044943239
0.004746417794528527
0.004743566770437211
0.00474071884987147
0.00473787423103635
0.004735033133535952
0.004732195486975914
0.004729361522387882
0.004726531421737985
0.004723705603339486
0.00472088329814194
0.004718064741553196
0.004715249679384893
0.004712437775880781
0.0047096289579048834
0.004706823605769669
0.00470402246105245
0.004701235891297768
0.004698454117663002
0.004695676188621994
0.004692901726519122
0.004690130954050437
0.0046873647869861024
0.004684602023000998
0.004681842836854028
0.004679087397830766
0.00467633610256597
0.00467358858525639
0.004670844378578578
0.004668103829822328
0.004665367166708426
0.004662635979861635
0.00465990851177489
0.004657185571104331
0.0046544662390902575
0.004651750753115926
0.004649038836361114
0.004646330794062845
0.0046436266157326945
0.004640927171340721
0.00463823161050627
0.004635539845920057
0.004632851479199181
0.004630168139958522
0.0046275015171569674
0.004624839051020447
0.0046221806062837194
0.004619525695610737
0.004616874261948773
0.004614226965850634
0.0046115849438795745
0.004608948146652407
0.0046063152307729074
0.0046036858648824015
0.004601060205577036
0.004598438109920082
0.00459581954097547
0.0045932109726460665
0.0045906077529639586
0.004588009773521507
0.004585422518747784
0.00458284022936242
0.004580264813821914
0.004577692991492863
0.004575124894004629
0.0045725618541941
0.004570003522962428
0.004567451319239081
0.004564903307665933
0.004562358796793086
0.00455981810771193
0.0045572809376795585
0.004554747921032715
0.004552218873878219
0.004549694317600492
0.00454717458319385
0.0045446609755717725
0.004542151946288636
0.004539646807884379
0.004537145268363092
0.004534647266184059
0.004532158989103444
0.004529675927458932
0.00452719841522916
0.004524728707478616
0.004522262791990785
0.004519803375620341
0.004517348252981307
0.004514896778073679
0.004512449690031068
0.004510006758136702
0.004507567772666558
0.004505136149024764
0.004502715118255525
0.0045002990729538055
0.004497888138223002
0.0044954813639650525
0.004493084378383046
0.00449069339685533
0.00448830600783654
0.004485922456097618
0.004483554576450161
0.004481193316387071
0.004478839100142085
0.004476488894161614
0.004474142982243478
0.0044718020670932125
0.004469466389566432
0.004467138923478519
0.004464815686189109
0.00446249809560753
0.004460184857166298
0.004457877135808641
0.004455574446876063
0.004453277610538699
0.004450984822744093
0.004448696040451755
0.004446412642175107
0.004444133929725998
0.004441859505080926
0.004439588828934309
0.004437323183014545
0.004435062295587424
0.0044328054073129505
0.004430552185287603
0.004428302675492587
0.0044260574134270024
0.004423817869082226
0.004421582663614707
0.0044193537829232046
0.0044171313482492345
0.004414913322786963
0.004412698944864593
0.004410488249783633
0.0044082810949591
0.004406077411902616
0.0044038772434286015
0.004401680588571548
0.004399488419586491
0.004397300873933732
0.0043951174458130345
0.00439293829971528
0.004390764408378903
0.004388594708218866
0.0043864288960599445
0.004384266924606632
0.004382109197157718
0.0043799559197359415
0.004377806061809647
0.0043756607492755045
0.004373521270341147
0.004371385679854563
0.004369254004032685
0.00436712595491312
0.00436500130913398
0.004362881173376338
0.004360767656315963
0.00435865926099253
0.00435655498064462
0.004354454360004018
0.004352357141848103
0.0043502639507188206
0.004348175751056791
0.004346102561713494
0.004344044342167097
0.004341989696855389
0.004339939085693696
0.004337892368609296
0.004335850396415758
0.004333812208930596
0.004331777561899113
0.00432974716022606
0.004327724144256624
0.004325707737275348
0.004323696946070864
0.004321689989830239
0.0043196865072922
0.004317686564698028
0.00431569016226417
0.004313697070855945
0.004311707318945087
0.004309721273976832
0.004307738712021519
0.00430575967413769
0.004303785357952208
0.004301814469161736
0.004299859603882909
0.004297908993853923
0.004295961717816946
0.004294018189613932
0.00429207807390095
0.0042901412187301355
0.0042882076356467345
0.00428627886204981
0.004284356971556965
0.004282438776042135
0.0042805239027355136
0.004278612378005872
0.004276704498965553
0.004274801903974464
0.004272903183060898
0.004271007713346292
0.004269115742421856
0.004267227125933337
0.004265341684197435
0.004263459495158478
0.004261580525977994
0.00425970479581591
0.004257832604588201
0.004255963636678663
0.004254098589922649
0.004252239890786417
0.004250385088392625
0.004248533548012644
0.004246685178635803
0.0042448399809721735
0.004243001001253767
0.004241165970443366
0.004239335533966941
0.004237511949770464
0.004235692465978192
0.0042338761382110955
0.0042320628658037715
0.004230252608805221
0.004228445784157022
0.00422664219655859
0.004224843128614468
0.004223052417141293
0.004221264980235869
0.004219484083588826
0.004217709788883429
0.004215939275663359
0.004214171815298132
0.004212407683612609
0.004210646726866427
0.004208888822110678
0.004207133877068366
0.004205382036636882
0.0042036374547118815
0.004201899176801356
0.0042001647832147215
0.004198435565083666
0.004196709191890063
0.004194988458395687
0.004193274840802571
0.004191565803935881
0.004189859726809462
0.004188156505033403
0.004186456173534225
0.004184758888848512
0.0041830645557217536
0.0041813731878063524
0.00417968491774907
0.004177999417107207
0.00417631678263182
0.00417463729191414
0.004172960881297103
0.0041712875045891926
0.004169616852074164
0.0041679489124147135
0.004166283679479956
0.004164621271474793
0.004162962610660816
0.004161307249516358
0.004159654783618679
0.004158005065975308
0.004156358039344579
0.00415471370725954
0.004153072846073862
0.004151435112043928
0.004149800002968118
0.00414816757208566
0.004146538009130113
0.004144911053385157
0.004143286955400184
0.0041416660899359645
0.004140047958172256
0.004138432412458697
0.004136819663286382
0.004135209603765508
0.004133602161253363
0.004131997511985957
0.004130395938624911
0.004128797023594064
0.004127201072680062
0.004125608534294079
0.00412401957145371
0.004122433464564508
0.004120849909718056
0.0041192711144352415
0.004117695947028328
0.004116123265416743
0.004114553062750044
0.004112988283358407
0.004111428263480843
0.004109870723677197
0.004108315711489236
0.004106763702017393
0.004105214136702301
0.0041036670079309424
0.00410212231001801
0.004100580249134169
0.004099040610325279
0.004097504137973998
0.004095970507018002
0.00409443939910414
0.004092910684124757
0.004091384345663461
0.004089860463634667
0.004088339193001239
0.004086821075085453
0.004085308198959658
0.004083798417602218
0.0040822911057078895
0.004080786114639133
0.004079283436025946
0.004077783107788401
0.0040762852829983025
0.004074790765609088
0.004073298875400255
0.004071809847803825
0.004070327239843269
0.004068847567008043
0.004067370519305104
0.004065895733471688
0.0040644231815813265
0.004062954191652257
0.004061493742511341
0.0040600385498125524
0.004058585533617306
0.004057134687062586
0.004055686007865951
0.0040542396157921354
0.0040527954386301085
0.004051353457687044
0.00404991362556217
0.004048476448136111
0.00404704147344496
0.004045609041277287
0.004044178813787738
0.004042750686539544
0.0040413254939956145
0.0040399042646418635
0.004038485176637206
0.004037068808625731
0.004035654617970819
0.004034242496487478
0.004032832573315685
0.004031424890373618
0.00403001952076479
0.00402861633919766
0.004027215546463464
0.004025817304719694
0.004024421394862084
0.004023027557606661
0.004021636457194302
0.004020247432166254
0.004018861204533777
0.004017477218664934
0.004016095237143126
0.004014715506501444
0.004013338359215707
0.004011963687735141
0.004010591235758467
0.004009221236537825
0.00400785393084567
0.004006488742598937
0.004005125510666694
0.0040037646136250014
0.004002405941522855
0.004001049583027645
0.003999695261119149
0.003998342881870061
0.003996992428135947
0.003995646013084425
0.0039943128430813745
0.003992981741275033
0.003991653149305692
0.003990334731057966
0.003989018298837342
0.003987703928100316
0.003986391494186815
0.003985080949274655
0.0039837722858729625
0.00398246553296991
0.00398116064722225
0.003979857617255796
0.003978556436869403
0.00397725715832278
0.003975959781079719
0.003974664275201212
0.003973370982692028
0.003972079689502385
0.003970790273072503
0.00396950303610856
0.003968217705815504
0.00396693456402907
0.0039656532490757795
0.003964373795830129
0.003963100225340927
0.003961829373422012
0.003960560661291828
0.00395929387405854
0.003958029051297089
0.003956766175303739
0.003955505324403921
0.003954246237889857
0.003952988902161216
0.003951733310858604
0.003950479542559523
0.0039492275418551125
0.0039479783528187685
0.003946739543964382
0.003945502641001266
0.003944267920305658
0.00394303506053046
0.003941803923152103
0.00394057449789185
0.003939346764287329
0.003938120768213775
0.0039368966058071836
0.003935674503791984
0.003934454177330978
0.003933235784959051
0.003932019096888672
0.003930804103895209
0.003929590976816458
0.0039283795544046785
0.003927169797547528
0.003925961715430926
0.0039247592943298685
0.003923563677199018
0.0039223698932553674
0.003921177780256979
0.003919987277432279
0.003918798658658045
0.0039176125001578865
0.003916427948098367
0.003915245033896364
0.003914063722934496
0.003912888037885536
0.003911715640698839
0.00391054485466757
0.003909375649002306
0.003908208022236486
0.003907042311450469
0.00390587834770451
0.0039047164357051264
0.0039035561634267898
0.003902397462189913
0.0039012403067546293
0.0039000846888276445
0.0038989306768757322
0.003897778326461343
0.00389662837521758
0.003895480721074253
0.0038943346587568197
0.003893192101756807
0.0038920547274118194
0.0038909188456528764
0.0038897845416377376
0.003888651803103927
0.003887520535538467
0.0038863907405251347
0.0038852624081610267
0.0038841364836927064
0.0038830125165237486
0.0038818900249265823
0.003880769003277999
0.003879649642119726
0.0038785320485865468
0.003877415935994349
0.003876301274955325
0.0038751880329350587
0.003874076206881638
0.0038729658010438666
0.003871856817311625
0.003870749706807573
0.0038696453322011933
0.0038685425400284694
0.003867441225281715
0.0038663414430804566
0.0038652432382031685
0.003864147430122445
0.003863053072944412
0.003861960087580929
0.0038608684752684404
0.003859778341061308
0.003858690238191323
0.003857603757915175
0.003856518653825828
0.0038554357818792384
0.003854354466789758
0.0038532744897233234
0.0038521958495257766
0.003851118542408999
0.0038500425608292157
0.003848968063305097
0.003847894921913901
0.003846823104452227
0.0038457528280844734
0.0038446840250881977
0.003843616568819001
0.0038425504743974386
0.003841487662850863
0.003840426247902382
0.0038393661861809173
0.0038383077185230392
0.003837250654977717
0.003836194950782928
0.0038351424307830743
0.0038340914729284585
0.0038330417877544894
0.003831993451051847
0.003830946448200612
0.003829900828740264
0.003828856548558668
0.003827813520002958
0.00382677182232424
0.0038257313844369018
0.0038246927306300744
0.0038236566901135903
0.0038226218898317066
0.0038215884599348423
0.003820556850362425
0.0038195267938214194
0.0038184981497051624
0.003817471137005051
0.0038164455539594893
0.0038154219406785574
0.0038143997026723704
0.0038133786817220574
0.003812358990908327
0.0038113410665311875
0.003810324588626299
0.0038093093049296014
0.003808295214329763
0.003807282314145432
0.0038062711331106848
0.003805261318073949
0.0038042529268465385
0.0038032465187790173
0.0038022421751836757
0.003801239309594371
0.0038002441093676845
0.003799250149096337
0.0037982611429022524
0.0037972753132876416
0.003796290923027189
0.0037953085298011793
