0.06233284572712436
0.010942177270667828
0.010629734541029525
0.010314475552273149
0.00999384623743842
0.0096690888281912
0.00934288578681054
0.009018513940486155
0.008699416040683769
0.00838892878145054
0.008090095243932728
0.007805533091339389
0.007537349592486892
0.0072871004226007985
0.007055779228004256
0.006843848535574185
0.006651288754297337
0.006477666662078396
0.006322210819640025
0.006183894929067867
0.006061512233882661
0.0059537529047287265
0.005859261423239794
0.005776689636216112
0.005704732030908352
0.005642157363471237
0.005587822878733167
0.0055406862282682936
0.005499806116324661
0.005464345991768548
0.0054335658768877556
0.005406817788115527
0.005383536234794043
0.005363233490544952
0.005345481076269979
0.005329916608099728
0.0053162288095801825
0.0053041452311100665
0.005293436937779481
0.005283908508728184
0.005275393445653252
0.005267746994804013
0.005260847717652652
0.005254591899690648
0.005248889184685881
0.005243664078355576
0.005238852550190403
0.00523439707731873
0.005230248840259792
0.0052263671569986354
0.005222717837575169
0.005219268984196029
0.005215995414924585
0.0052128735178884845
0.0052098834643145315
0.005207008041672482
0.005204232725618494
0.00520154458443942
0.005198932919371883
0.0051963882465620986
0.005193901791690935
0.005191465800514624
0.005189073157152807
0.005186718234751539
0.005184396491881757
0.005182103231197137
0.005179835372164012
0.00517758998042113
0.005175362900698796
0.005173150788556713
0.005170962193512706
0.00516878856036966
0.005166623620008091
0.005164465927287412
0.005162313514788965
0.005160164916586093
0.005158018760635159
0.0051558736780326925
0.005153728582419107
0.005151582928399749
0.005149436022839506
0.005147287204469422
0.0051451355857504
0.00514298469789149
0.005140831928553174
0.005138674343607057
0.005136511056490448
0.005134343948488254
0.0051321720426367725
0.005129994504136518
0.0051278100406401215
0.005125618667982268
0.0051234204909990245
0.005121215022789114
0.005119001569808757
0.005116779033254436
0.00511454709959114
0.00511230551138274
0.005110055917499235
0.005107797788024505
0.005105529890658073
0.0051032520137091935
0.005100963656735294
0.005098664515483264
0.005096354851925813
0.005094034682044103
0.0050917033728764575
0.005089360513603236
0.005087006085749506
0.005084639827919716
0.005082261706535886
0.005079871756245815
0.00507746956130965
0.005075055638054818
0.005072632712044927
0.005070199007791562
0.005067753011647825
0.005065294436836597
0.0050628232613220345
0.005060340281256057
0.005057858326077646
0.005055364045062207
0.0050528572614056255
0.005050338250627567
0.005047806503806396
0.005045262057476879
0.00504270898621706
0.00504014515772417
0.005037568917596472
0.005034981331815267
0.005032382650389443
0.005029774349910925
0.005027153379641185
0.005024519334534933
0.005021872197337928
0.005019212034974721
0.005016539132780645
0.0050138566977896044
0.005011161114774837
0.005008452515431779
0.0050057311060508775
0.005002997856227239
0.005000254759550477
0.00499750518159581
0.004994746826998916
0.0049919762720119125
0.0049891928054789795
0.004986398275298685
0.004983593763826109
0.004980778636494661
0.004977951136936132
0.004975111704336611
0.0049722599154316625
0.004969408967674276
0.00496655333299408
0.004963689375037913
0.0049608143341493055
0.004957932642635513
0.0049550504711529395
0.00495215609675628
0.004949250260016247
0.00494633481684373
0.004943407357310874
0.004940471848922889
0.004937531950434844
0.004934581775105918
0.004931619970761993
0.004928650052459875
0.004925673413110537
0.004922685103935251
0.004919685623451925
0.004916676007291302
0.004913655989053477
0.004910625732442302
0.004907584628626565
0.004904533476184522
0.004901470775549048
0.0048983971072945375
0.0048953228953742085
0.004892245054804666
0.004889156000393315
0.0048860559710229975
0.004882945144492713
0.004879828675709188
0.004876702514592051
0.0048735656345332305
0.004870433400052404
0.004867300129249448
0.004864158378107239
0.004861006666715016
0.004857844557716962
0.0048546732825841005
0.00485149597579048
0.004848313894254914
0.00484512604266583
0.004841933417517483
0.004838733416439402
0.0048355249559681145
0.004832321347599448
0.004829111358028614
0.0048258931307590194
0.0048226664283590225
0.004819430535021064
0.004816187581348247
0.00481293720186016
0.004809679217993899
0.004806412194701124
0.0048031397276934035
0.004799862436880246
0.0047965765482524845
0.004793282569809411
0.004789980453576167
0.004786678689468016
0.004783381094306233
0.004780085517855455
0.004776791245997968
0.0047734935839913875
0.004770188654460455
0.004766876970538712
0.0047635598788707285
0.004760238828096566
0.004756935602037893
0.004753635151761993
0.004750337176287471
0.004747032515706329
0.00474372277972043
0.004740409050541375
0.0047370916098142994
0.004733768056166524
0.004730438103211209
0.004727102062089591
0.004723761963159521
0.00472042001667459
0.004717073976005211
0.0047137286027366075
0.004710383938947528
0.0047070417673020755
0.004703714685512468
0.004700385255822742
0.0046970515000153285
0.004693715032776832
0.004690374020972549
0.0046870280402170755
0.004683678230961357
0.004680336840610605
0.004676995381378475
0.004673650276626462
0.004670302015403903
0.004666949469131899
0.004663595252796146
0.004660238119303594
0.004656877515794005
0.004653515631499313
0.004650150305107883
0.00464678169397456
0.004643410503327506
0.004640038254889608
0.0046366629670412446
0.004633283796366663
0.00462990451545192
0.004626529905716369
0.004623167834538254
0.004619808759269997
0.004616452353984959
0.004613098839585509
0.004609746345539172
0.004606417923018794
0.0046030962331885
0.004599789201841975
0.004596480967640392
0.004593172373817132
0.00458986581826603
0.00458656841627455
0.004583289181560828
0.004580011534092485
0.0045767333024047795
0.00457345711792892
0.004570183238290082
0.004566909152823088
0.004563634834490878
0.004560360246967282
0.0045570845798193526
0.004553807682109117
0.004550529736514012
0.004547250733221656
0.004543970634859443
0.004540689307653067
0.004537406816301362
0.004534125954213654
0.004530845466025418
0.0045275689133171685
0.0045242941904107175
0.004521020017647861
0.004517746760925419
0.004514474875517069
0.004511204030811034
0.004507933241689282
0.0045046629052462985
0.004501394115532954
0.004498133806174438
0.004494882387773717
0.004491632310036051
0.004488384299612226
0.004485137410258165
0.00448189119937045
0.004478647073698481
0.004475404766809581
0.004472162641176891
0.004468920878490985
0.004465681989351598
0.004462444629365426
0.0044592078292578765
0.004455972891997621
0.004452738964865122
0.004449507911181549
0.004446279953422225
0.004443053701641694
0.004439828691128251
0.00443660554485262
0.004433384328031667
0.004430163754244047
0.004426943987617853
0.00442373043220828
0.004420525288137455
0.0044173219954976636
0.004414120081833615
0.00441091933386287
0.004407721430840097
0.004404526095472207
0.004401332474791463
0.004398140721402765
0.004394950946332155
0.004391762961979517
0.004388578433796232
0.004385405294840289
0.004382236415022836
0.00437906958115822
0.004375904660921942
0.004372742990040477
0.004369583929522861
0.0043664282418149816
0.004363274549430574
0.004360123513610729
0.0043569763357059026
0.004353832546800352
0.004350691572733958
0.004347576095347138
0.004344469222814492
0.0043413663751932195
0.004338267790679695
0.004335172031341591
0.004332078815333407
0.0043289886321154014
0.004325901329417191
0.004322817825400301
0.004319736711554462
0.0043166592606773
0.004313593107567348
0.004310540532224575
0.0043075041371799135
0.004304476288151435
0.004301451326042871
0.0042984292451488494
0.004295410498873061
0.004292395515142094
0.00428938373289826
0.004286375374979433
0.004283369973322515
0.004280368448782089
0.0042773701690082926
0.004274375528336926
0.004271385264633583
0.0042684003541217635
0.004265437986692027
0.004262491349144549
0.004259552066292583
0.004256616374599877
0.004253684829165703
0.004250756858225802
0.004247832768574386
0.004244917703145275
0.004242007822630637
0.004239102657131146
0.004236201721124183
0.004233306306997728
0.0042304195090078454
0.00422754983648188
0.004224683506325199
0.004221821374104243
0.004218966113996393
0.00421611448909765
0.004213266567468348
0.0042104233656772615
0.004207583845963547
0.0042047484395194195
0.004201916903329201
0.0041990898984448615
0.004196269124434644
0.004193455559951729
0.004190652815691805
0.004187855484468764
0.004185063301326452
0.004182276427409021
0.0041794947358499545
0.0041767197378437615
0.004173948707318029
0.004171181796798622
0.004168419732042904
0.004165662460389706
0.004162910283398917
0.004160162958590138
0.00415742482625486
0.0041546961827143205
0.00415197231666252
0.004149254360387802
0.004146540793770174
0.004143830995955561
0.004141125127121556
0.004138423915236702
0.004135727190841861
0.004133034915264969
0.004130347640992101
0.0041276656156538
0.004124989551259934
0.004122320463170877
0.0041196560609793684
0.0041169984562492625
0.004114347933339454
0.00411170243113183
0.004109062922920432
0.004106428069079417
0.0041037974646270505
0.004101172273520618
0.004098551831706089
0.004095935464473616
0.0040933231752204825
0.004090715705156055
0.0040881160874351495
0.00408552660477521
0.0040829446052954585
0.00408036676577113
0.004077793573207234
0.0040752256975904715
0.0040726628466792964
0.004070105097225517
0.00406755283776907
0.004065004881936443
0.004062461494893519
0.004059924129256718
0.004057391929288936
0.004054864466728158
0.004052342786538954
0.004049827113044482
0.0040473157086416455
0.004044808766763424
0.004042305958108384
0.004039807897943435
0.004037314610302003
0.004034825881956012
0.004032341247322702
0.004029860705048811
0.004027384257599487
0.004024911946508198
0.004022443843240319
0.004019980422407853
0.00401752174884678
0.004015074408745468
0.004012635972864816
0.004010201734526248
0.004007772716082943
0.004005350989519079
0.004002933933507445
0.004000529555705852
0.00399813340856547
0.0039957414594975205
0.003993353771131219
0.003990971091227102
0.003988593087343122
0.00398621951325433
0.003983850718082013
0.003981486346406751
0.0039791361937833005
0.0039767909645131334
0.003974450011730495
0.003972114851053177
0.00396978637608759
0.003967462617096533
0.003965144202816169
0.003962831051666096
0.003960523167273843
0.0039582197119337635
0.003955920734215074
0.003953626185545906
0.003951336151314951
0.0039490502620056125
0.003946769025728514
0.003944493878084724
0.003942226024316171
0.0039399646619010745
0.003937707519992364
0.003935454645578684
0.003933205890195534
0.003930961215382658
0.003928721596964196
0.003926486744361089
0.0039242569386943845
0.003922031195888924
0.003919809869619333
0.003917601183449078
0.003915399600451204
0.0039132020667705285
0.0039110090433304824
0.003908821523048282
0.003906638700309139
0.0039044607238944676
0.0039022869382611203
0.003900117179704729
0.003897951501191717
0.003895790042925109
0.0038936333709223563
0.0038914815162367435
0.0038893338624002606
0.0038871910071887777
0.0038850542507823326
0.0038829215862861972
0.003880793347141536
0.0038786693704214036
0.0038765496262457132
0.0038744354908739724
0.0038723261274414187
0.0038702206964698962
0.0038681193900905867
0.003866022140525736
0.003863929485318472
0.0038618411054050046
0.003859756925106923
0.003857677293435641
0.003855601517139029
0.0038535303842001933
0.003851464213470878
0.0038494026507656072
0.0038473463314619245
0.0038452948260030654
0.0038432471873486897
0.0038412034690103484
0.0038391637649481084
0.00383712842708119
0.003835099298631754
0.0038330742114763817
0.0038310536863967485
0.0038290424498753626
0.0038270367044435207
0.0038250349714444376
0.003823038635205931
0.0038210460942776736
0.0038190576139204334
0.0038170733953976784
0.003815093416518
0.003813120143488108
0.0038111508213756577
0.003809186243966417
0.003807232392254795
0.0038052847436383626
0.003803340876623531
0.0038014007103550204
0.003799464545071987
0.003797532380690889
0.0037956052506544417
0.003793682269298413
0.0037917639480044884
0.003789849487368542
0.003787939399115262
0.003786033806881331
0.003784132205480963
0.0037822347132755456
0.003780340884162463
0.0037784511267644105
0.003776566118251214
0.0037746849641665512
0.0037728074356017595
0.003770933873507174
0.0037690643843179316
0.0037671985130965243
0.0037653431104819764
0.0037634947588863544
0.0037616556218151454
0.0037598218309259353
0.0037579920150572496
0.0037561656645421423
0.003754342756592425
0.0037525256450257703
0.003750714806298004
0.003748907603521286
0.003747103928082304
0.003745303753984644
0.003743512719197197
0.0037417276992248736
0.0037399495432524654
0.00373817678666017
0.0037364078144747894
0.0037346428024029816
0.0037328812738931546
0.003731123578098527
0.003729369594552858
0.003727619033300092
0.003725872302499006
0.003724129890802728
0.003722391063385942
0.0037206557102286006
0.0037189236600907237
0.00371719492552385
0.003715469751600242
0.003713747848774558
0.0037120291417781083
0.0037103136200763317
0.0037086013972113603
0.0037068923464756
0.0037051867302984177
0.0037034843883663898
0.0037017852810783515
0.003700089334272317
0.0036983965624454835
0.0036967078907828165
0.0036950225903798982
0.0036933421370198365
0.003691669876546005
0.003690001019312419
0.003688335669120897
0.003686673674582143
0.003685015452192638
0.00368336129812912
0.0036817108182868024
0.0036800647438555625
0.00367842194317109
0.003676782542629925
0.003675149834829785
0.003673521465776536
0.003671901060843293
0.0036702868720680107
0.0036686798528593988
0.0036670757938318
0.003665474926142141
0.0036638774555729395
0.003662283146529054
0.0036606917663323463
0.003659103382439099
0.0036575180161231985
0.0036559354838408996
0.003654355989574751
0.003652779838860529
0.003651206961523186
0.0036496378305537476
0.0036480721991478844
0.003646509943640148
0.0036449509451509216
0.003643394982894358
0.0036418417580883974
0.0036402913708277478
0.0036387445997714844
0.003637203199320507
0.0036356644691739404
0.0036341287040769347
0.0036325959722734455
0.0036310659694163954
0.0036295386014580286
0.003628014679399848
0.003626494100850468
0.003624976215651859
0.0036234609683177986
0.003621948378414723
0.0036204395515478283
0.0036189362579688673
0.0036174355157048642
0.00361593741237397
0.003614441897027519
0.003612948900332582
0.0036114587977142047
0.0036099728102422157
0.003608489426979433
0.0036070087502941732
0.0036055305248997756
0.003604054742231447
0.0036025814219172113
0.00360111071649047
0.0035996425353026096
0.0035981768067735466
0.003596713950432329
0.0035952537415643248
0.003593795910832284
0.003592340924559593
0.0035908918473715216
0.0035894490934489077
0.0035880106794495405
0.003586575234238656
0.003585142367540578
0.0035837135435956777
0.003582289057016215
0.0035808670496388913
0.003579447399185981
0.003578030021831579
0.0035766149954801745
0.0035752025732370793
0.003573792836766337
0.003572385325012137
0.0035709801464135207
0.0035695780244161908
0.0035681781469145287
0.003566780727510573
0.0035653854957354097
0.003563992442703917
0.003562601562467087
0.003561213279549577
0.0035598271578153482
0.0035584432764583828
0.003557061726743312
0.003555683525086436
0.00355430881613789
0.00355293682634138
0.003551567403742876
0.00355020059717693
0.0035488359323673255
0.003547473386413289
0.003546113063145741
0.0035447549262304866
0.003543398945548157
0.003542045061448173
0.0035406933712885894
0.0035393440404023787
0.003537997038812047
0.00353665260274324
0.003535310256159767
0.0035339703927506232
0.0035326327583687033
0.003531298009345726
0.003529966567042132
0.003528637452537073
0.003527310429923532
0.0035259854028332834
0.0035246623644629143
0.0035233430710367103
0.0035220269673166106
0.003520712996650316
0.003519400989382222
0.003518091189868184
0.0035167835966688752
0.0035154785167108697
0.0035141756800642246
0.0035128759582632343
0.0035115809241335555
0.0035102879395778512
0.0035089970392813033
0.0035077083102712844
0.003506421841790784
0.0035051375506698736
0.003503855244303156
0.0035025760829325956
0.0035013022801869023
0.0035000306247041334
0.003498760960040269
0.0034974958802070502
0.0034962344365597384
0.003494975144798433
0.003493717893556312
0.0034924624500047895
0.0034912089465611645
0.003489957298174144
0.0034887076795657073
0.003487460304617424
0.003486215002109129
0.0034849717733176746
0.0034837303730466548
0.0034824908412958446
0.003481254943193764
0.0034800224213522787
0.003478791754841809
0.003477562854282513
0.0034763359078787436
0.003475110904620616
0.0034738884868547966
0.003472667781324485
0.0034714510482503932
0.0034702364944063087
0.00346902364524433
0.0034678124949025116
0.0034666030379858345
0.003465395724432649
0.0034641914851691554
0.0034629897366101037
0.0034617898038412044
0.0034605916054174504
0.003459395253554873
0.003458200576028091
0.003457007593959583
0.003455816351536377
0.0034546268569439096
0.0034534401361786286
0.0034522553652112506
0.0034510725213877684
0.0034498923655451657
0.0034487139774610725
0.0034475392168846594
0.0034463680507780736
0.0034452012803481923
0.0034440361044622836
0.003442872714012442
0.0034417149797304008
0.003440560917854003
0.003439409956629009
0.0034382616197176615
0.0034371157457312187
0.0034359715501974916
0.0034348289191648024
0.0034336878451717034
0.0034325483570067632
0.003431410535582373
0.0034302743049491493
0.00342913968184293
0.0034280065924741578
0.0034268757169458822
0.0034257464195470246
0.0034246186507515286
0.0034234924017475838
0.0034223676744687278
0.0034212444775900195
0.0034201227948951764
0.003419003716827562
0.0034178880527887287
0.0034167738799895085
0.003415661473049091
0.0034145506902451364
0.0034134413896560623
0.0034123335644973924
0.003411227205747479
0.003410122628582081
0.0034090196553513002
0.003407918335494488
0.0034068188156001545
0.0034057207335515703
0.003404624376118978
0.0034035304358816724
0.0034024381181464876
0.003401347500747579
0.0034002584062673108
0.0033991707590859143
0.0033980845238340478
0.0033969997038396232
0.003395917130150497
0.003394836264590051
0.0033937570716711246
0.0033926792769932534
0.003391603046215944
0.0033905282526172724
0.0033894548390294744
0.0033883836859361013
0.003387314799021284
0.003386247291277986
0.0033851811612389906
0.003384116408574437
0.0033830530884277773
0.0033819911303761122
0.003380930734310529
0.0033798717714455763
0.0033788141529767462
0.0033777579255692526
0.003376703038558743
0.0033756494972711384
0.0033745973087314705
0.0033735475537287063
0.0033724998796554003
0.003371453813173458
0.0033704104652026324
0.003369368485827478
0.0033683280175584147
0.003367289625163317
0.0033662526633059494
0.0033652173752658394
0.0033641851674692503
0.003363156219536106
0.0033621286182901056
0.003361102680101836
0.0033600782676988144
0.003359055410965568
0.00335803411532429
0.00335701421586659
0.0033559956080482637
0.0033549782791678128
0.0033539622158501904
0.003352947606141674
0.00335193425529363
0.0033509232401377122
0.0033499144244475473
0.003348906856856736
0.0033479005640299135
0.00334689556651298
0.0033458918278246297
0.00334488946894786
0.0033438887002354015
0.003342889166653733
0.003341890859054191
0.0033408937832639114
0.0033398979310727862
0.0033389035097209346
0.0033379104288104758
0.0033369185835937227
0.003335927946366843
0.003334938550716747
0.0033339504264667044
0.003332963588187145
0.0033319780145878016
0.0033309936373790063
0.0033300104712805888
0.0033290293432740557
0.0033280509729073687
0.0033270753467629114
0.003326100920039168
0.0033251278198309386
0.00332415598773267
0.0033231853853892372
0.0033222162168887633
0.0033212485922140475
0.00332028213715274
0.0033193172330264428
0.0033183536172936485
0.003317391188642079
0.003316430584042522
0.0033154713480245523
0.0033145132420463355
0.0033135562633775533
0.003312600667059805
0.0033116463437862184
0.003310693437389836
0.0033097441188939983
0.0033087961699076966
0.003307849791125041
0.003306904644888077
0.0033059607778153487
0.0033050182267793313
0.0033040771587703804
0.0033031379035878116
0.0033022012938884932
0.003301266370849518
0.0033003326197727652
0.003299400057261371
0.0032984689067005035
0.0032975392683768307
0.0032966107257975533
0.003295683267042514
0.003294756889553819
0.0032938316153460693
0.003292907460958848
0.003291984700372908
0.003291063012186289
0.0032901424693360195
0.0032892231030393023
0.0032883048189617323
0.003287387597827047
0.0032864720021682403
0.0032855595613282
0.003284648167725384
0.0032837378192529863
0.003282828515537286
0.003281920402601962
0.0032810134466201646
0.0032801077017713125
0.0032792031921813638
0.003278299856155737
0.003277397786320792
0.0032764968820592675
0.0032755970815821684
0.0032746984278805803
0.0032738007960940174
0.003272904184048854
0.0032720090043975507
0.0032711153652477823
0.003270222740205631
0.0032693311271457747
0.0032684419394483862
0.003267554264853567
0.003266668410302604
0.0032657851728535594
0.0032649029369478887
0.003264021780667002
0.003263142159314359
0.003262265077581203
0.003261389422697142
0.0032605149395244577
0.0032596456266691196
0.003258777716507045
0.0032579109266891153
0.003257045324371455
0.0032561810462918917
0.0032553178369191054
0.0032544559297815203
0.0032535952511999256
0.0032527357862297728
0.0032518777115767
0.003251020673371526
0.0032501647996056844
0.0032493100286151316
0.003248456418883609
