0.04581456021090672
0.04204073801135431
0.03997623504911951
0.038502156270178424
0.037340543449903854
0.03638013697302285
0.03555913559815146
0.03484275662145957
0.03420540614643943
0.03363083012525693
0.03310891260296107
0.032631190308765025
0.032190962877291326
0.03178318261129506
0.03140338016717389
0.031048710945804827
0.03071609670950591
0.03040308729927239
0.030107335934772286
0.029827206108475404
0.029561881504278083
0.029309986354644536
0.02907036347873964
0.028841880483475933
0.02862378788262018
0.028415128367432447
0.028215111260846887
0.028023393622705745
0.02783929117073204
0.027662215913789593
0.027491912358957794
0.027328000952106565
0.02717004431900018
0.027017722529206725
0.026870791283789407
0.02672902849531997
0.026592052786652328
0.026459449861164466
0.02633115320349541
0.026207062518496974
0.026086950546043364
0.025970617335548566
0.02585785867690772
0.025748388070824975
0.025642242662205807
0.025539195472290305
0.02543904728247999
0.02534160074266011
0.02524687784113842
0.025154838709401536
0.02506534977664104
0.024978209275656978
0.024893503137537965
0.02481098529112899
0.024730541103095593
0.02465210521173565
0.02457564433152088
0.024501077114526832
0.02442836774151863
0.02435738799154598
0.024288135419667876
0.024220519167366884
0.024154504679356117
0.024089992993165305
0.024026922541366753
0.023965321554788917
0.02390511286889545
0.023846227121720655
0.023788675466600163
0.02373239810308823
0.023677366384283086
0.023623492714604646
0.023570774824666435
0.023519149134587154
0.02346860295260813
0.023419130989241258
0.02337062281906818
0.023323059180159263
0.023276429657728064
0.023230716119737507
0.023185886853536983
0.02314195419536613
0.02309892009536025
0.02305674846437534
0.023015398981826172
0.022974857927498493
0.02293506397223404
0.022896035050546364
0.0228577889720157
0.022820246423356127
0.02278343179458982
0.022747316654234885
0.022711885166659066
0.02267709325369235
0.022642920785795214
0.02260935372895374
0.022576381712268685
0.02254403053560372
0.022512264439085848
0.022481018811888253
0.022450301714208556
0.022420139883444438
0.02239048504226596
0.02236136147726712
0.022332731114098687
0.02230461448435127
0.022277000312122083
0.0222498659669942
0.022223206790038745
0.02219700256096512
0.022171219496475696
0.022145880707692564
0.02212094882337815
0.022096403430774188
0.022072267727794335
0.022048537345290532
0.02202521117514301
0.022002294691626515
0.021979729904615844
0.021957512124190715
0.021935657654803986
0.02191415861935247
0.021892983231088622
0.02187212162240734
0.02185159063964397
0.021831387062577458
0.021811491814833647
0.02179190792973524
0.021772614736274846
0.021753610876631736
0.02173487734717256
0.021716431338620206
0.021698248869394646
0.02168033515483391
0.021662689299769434
0.021645311914548982
0.021628200159000813
0.021611342969923737
0.021594726377168028
0.02157835143292287
0.021562218395078537
0.02154631467231707
0.02153064064285178
0.02151519549423677
0.02149997787486002
0.021484975226593782
0.02147018414528811
0.02145560074418713
0.02144122097344647
0.02142704795689276
0.0214130714929137
0.02139928945293887
0.02138570044169002
0.021372297094806692
0.021359071547873334
0.021346025208765863
0.021333153170799264
0.0213204611074021
0.02130795219824717
0.02129563248319499
0.021283496628420193
0.02127153940246229
0.021259743252490696
0.02124811518930493
0.021236658681917094
0.02122536805482835
0.02121423715022716
0.02120325509642376
0.021192413198457865
0.021181714784235382
0.021171161110864752
0.02116074381453944
0.021150466866810855
0.02114032386279899
0.021130305288135125
0.021120417358985757
0.021110665124215704
0.021101042625510737
0.021091546129862873
0.021082175725064514
0.021072922855710236
0.02106378415143466
0.021054769646091834
0.02104587149157895
0.021037085093092784
0.021028414921246706
0.021019856197234094
0.021011409428660255
0.021003068281994056
0.020994828972112654
0.020986692005632645
0.020978657633243913
0.020970731299807956
0.020962905870480275
0.02095517826054503
0.020947548487411205
0.020940020591221294
0.02093259495726095
0.020925265560989212
0.02091802911816923
0.020910887325060797
0.020903843699931146
0.020896889282263662
0.020890026645724116
0.020883257230613354
0.02087657529825185
0.020869976123954716
0.020863456043459384
0.020857018407429033
0.02085065963199675
0.020844379435664452
0.020838177133357456
0.02083204220102214
0.020825986664957497
0.02082000620952416
0.020814098068637047
0.020808264330431085
0.02080250022315105
0.020796806737315016
0.02079118141645928
0.02078562625888308
0.02078014036208932
0.02077471846810446
0.02076936057042508
0.020764070330339245
0.02075884261957409
0.02075367805579266
0.020748574787767267
0.020743535831263225
0.020738562568826356
0.02073365017401455
0.020728796386307008
0.02072399418926656
0.02071924390288753
0.020714549410006406
0.020709911883407636
0.0207053292111785
0.020700800910585352
0.02069632925276966
0.020691912542745584
0.02068754825558305
0.02068323724532311
0.02067897926105992
0.020674771529363808
0.020670617969461187
0.020666513391624553
0.020662459697170198
0.020658456075807723
0.020654499330197133
0.02065058979074504
0.020646734455100443
0.020642935426936945
0.020639179966862275
0.020635469474113134
0.020631811267151887
0.02062819897063464
0.02062462962226756
0.020621097506212875
0.0206176052562186
0.020614155395346733
0.02061074703247791
0.020607380632381857
0.020604054451490685
0.020600766439340588
0.020597516173738343
0.02059431109872871
0.020591147154772827
0.020588021324103953
0.02058493143416531
0.02058187862510372
0.020578862177496923
0.020575883594540285
0.020572941440485198
0.020570034938685505
0.020567163046766184
0.020564324524235025
0.020561525185824506
0.020558758308596145
0.0205560249902881
0.02055332324626308
0.0205506527485242
0.020548013791867315
0.020545407167775448
0.02054283014310418
0.02054028465562941
0.02053776731213092
0.020535278762457816
0.02053282134406061
0.020530393481286605
0.020527993097958462
0.020525620601778392
0.020523278570687756
0.020520964907487595
0.020518679378352618
0.020516424659011764
0.02051419563512015
0.020511993824443103
0.02050982060944134
0.02050767179915401
0.020505547624497272
0.020503448345440854
0.020501374252638347
0.02049932468525113
0.020497299237866043
0.020495299844040124
0.02049332600276068
0.02049137533494698
0.02048944752654765
0.020487542899989684
0.020485661460382172
0.020483802228607916
0.020481966986241443
0.020480155579359147
0.020478367875880872
0.020476602475281103
0.020474861141976337
0.020473140570844064
0.020471439477456475
0.020469760392462996
0.02046810175750233
0.020466463428173754
0.02046484509112967
0.020463246331874758
0.02046166731696739
0.020460108059008705
0.020458567185204425
0.020457045884748774
0.02045554378850268
0.020454062263134117
0.02045259912474438
0.020451153964854234
0.020449728450001974
0.02044832121315815
0.020446931405006634
0.02044555920964266
0.020444206076895184
0.02044287005724693
0.02044155073730682
0.020440248988635525
0.020438965266210654
0.02043770022398023
0.020436452526118296
0.020435221441853026
0.020434006026137836
0.02043280645092596
0.020431623200711662
0.02043045642944248
0.02042930569562332
0.020428172455724702
0.020427056378588757
0.020425954880468875
0.020424868014686952
0.02042379602964477
0.02042273763103324
0.02042169392421687
0.02042066590174298
0.020419653167192155
0.02041865433440504
0.020417670222918353
0.0204167018353081
0.02041574754494731
0.02041481044662964
0.020413888144050724
0.020412981352147908
0.02041208702931713
0.020411205960701142
0.020410337734127367
0.020409481334686678
0.020408637070135717
0.020407804983900293
0.020406984806630713
0.02040617649815238
0.020405380462263513
0.020404596616734987
0.020403824479854338
0.020403064094233498
0.020402315415596357
0.02040157904066777
0.020400854342076565
0.02040014088592897
0.020399437783741765
0.02039874594645801
0.020398064751172208
0.020397394231431963
0.020396735934769386
0.020396088751299876
0.020395451989974635
0.02039482548632018
0.020394209681157387
0.020393604203898224
0.02039300912328382
0.020392424303027984
0.020391849819476823
0.020391285888770823
0.02039073157299398
0.020390186306186588
0.020389649817348938
0.020389121517116866
0.020388602622362157
0.020388092919039164
0.020387592906628702
0.02038710262277281
0.02038662202771515
0.020386150700842882
0.020385688026454858
0.020385233820878472
0.020384788705037675
0.02038435273284695
0.020383924777379603
0.020383505146993736
0.02038309397460208
0.02038269092624498
0.020382295936836076
0.02038190873752935
0.020381529058355694
0.020381157233546648
0.02038079340407093
0.020380438772201935
0.020380091292041908
0.020379751433144664
0.020379419634387257
0.02037909570579419
0.020378779550736505
0.020378471473689173
0.020378170172582224
0.0203778756999383
0.02037758796434565
0.02037730727701738
0.020377033720411764
0.020376767497389193
0.020376508692740672
0.020376257336068328
0.020376013176545908
0.02037577558564471
0.020375545005450885
0.020375321916556735
0.02037510536429786
0.02037489610175387
0.020374693300132026
0.020374497568717176
0.020374308475390034
0.02037412527372635
0.020373948317079327
0.020373779356589537
0.020373616640158583
0.02037345990507707
0.020373308922394123
0.020373163774792667
0.020373024329320012
0.020372890496950492
0.020372762635111112
0.020372640403606763
0.02037252373097361
0.020372412496236794
0.02037230636398083
0.020372205943764633
0.02037211119913358
0.020372021530027772
0.02037193711835668
0.020371858051908016
0.020371784591013898
0.020371716275218894
0.02037165325263289
0.020371595562984186
0.020371542703030314
0.020371494772241303
0.020371451509778437
0.02037141326949772
0.02037138044770978
0.020371352046981855
0.020371328373493928
0.020371309427849316
0.020371295173869007
0.02037128544439399
0.020371279713997485
0.020371278369786614
0.02037128168936424
0.020371289637261078
0.020371302087392944
0.020371318324215706
0.0203713384718396
0.020371363011300624
0.02037139171909219
0.02037142435423601
0.020371460616390086
0.02037150108467452
0.020371544745555643
0.020371592052921147
0.02037164347089945
0.020371698956852653
0.020371758369453714
0.02037182169776834
0.020371888972691217
0.020371960132304696
0.02037203534836409
0.020372114586024243
0.020372197647437893
0.020372284210026955
0.020372374432148056
0.020372468387241677
0.020372566045015503
0.020372667374396046
0.02037277228577731
0.020372880123241684
0.02037299088053307
0.020373104837611473
0.020373221758595118
0.020373341601942336
0.020373464634699846
0.020373591021941643
0.020373720737763654
0.020373853537890566
0.020373988663083323
0.02037412733137976
0.020374269618787508
0.020374415290913488
0.020374564209824725
0.020374716315497966
0.020374871602212952
0.020375030664414238
0.02037519283045937
0.020375358210489167
0.020375526769055047
0.020375697206302373
0.020375868723317293
0.020376043697098268
0.020376221992877253
0.020376403047580094
0.020376587057525986
0.020376773618711038
0.020376962056817556
0.02037715239687829
0.020377345869029253
0.020377542169599274
0.0203777409915122
0.020377942126954023
0.02037814521733053
0.020378350600611984
0.020378557170472027
0.020378764534364078
0.0203789743075831
0.02037918610107799
0.020379400304913163
0.020379617054414406
0.020379836070945782
0.020380057538266855
0.020380281199076734
0.020380507050369565
0.020380735280212947
0.02038096601986534
0.02038119919681674
0.020381434780411354
0.02038167298749573
0.020381913534261553
0.020382155994097227
0.02038240063618843
0.020382647156005237
0.02038289573409468
0.020383146368476178
0.02038339916901673
0.020383654222695637
0.02038391155923287
0.02038417209916654
0.02038443490440962
0.02038469987931867
0.02038496704250492
0.020385236365170048
0.02038550799451469
0.020385781532237395
0.02038605727968567
0.020386334675000044
0.020386614123619085
0.02038689518883966
0.02038717812149166
0.020387462990509506
0.020387749177800445
0.02038803744988463
0.020388327992718315
0.020388620549445135
0.020388914590229536
0.020389210069663977
0.02038950712103792
0.02038980556267735
0.020390105567201153
0.02039040732062433
0.02039071054082722
0.020391015742133128
0.020391322912310446
0.020391632050769402
0.02039194301570184
0.02039225554192566
0.020392569832967253
0.02039288631422211
0.02039320449369445
0.02039352444238405
0.02039384597698796
0.02039416715431596
0.020394489500804584
0.020394813421230958
0.020395138886104877
0.020395466012378412
0.020395794900691603
0.020396125246507215
0.02039645715253327
0.02039679057641745
0.020397125496728098
0.020397461899746634
0.020397799734763893
0.02039813909658146
0.020398480448841936
0.020398823241908923
0.02039916746130949
0.02039951298807251
0.02039986014346399
0.02040020819843775
0.020400557252796
0.0204009076739094
0.020401259669750663
0.02040161309527119
0.020401967670990475
0.02040232333775557
0.02040268002705331
0.020403037894429266
0.020403397040715237
0.02040375731251479
0.020404118864813556
0.0204044815681492
0.020404845133099488
0.020405209825932604
0.020405575740570624
0.020405942867496897
0.020406310814536918
0.0204066788103957
0.0204070476092856
0.02040741761401077
0.02040778880241641
0.02040816037644276
0.02040853290275399
0.020408906564361326
0.020409281338386598
0.020409657025834162
0.02041003369559845
0.020410411379796847
0.02041078976435904
0.020411169191999264
0.020411549564531565
0.020411930737219964
0.02041231296259065
0.020412696232364493
0.020413080437592025
0.020413465654582835
0.02041385187620312
0.02041423887557773
0.02041462655498372
0.020415015087829107
0.020415404271452362
0.020415794044510573
0.020416184784880973
0.020416576089456753
0.02041696822867806
0.02041736064488972
0.020417753350126983
0.020418147126180963
0.020418541991858837
0.020418937740718672
0.020419334126875445
0.020419731147621915
0.02042012890382313
0.02042052747614779
0.020420926821330072
0.020421326899929836
0.020421727832097003
0.020422129072483614
0.020422530853989103
0.020422932902151174
0.020423335733079237
0.020423739380615015
0.020424143776501397
0.020424548559184234
0.02042495411300628
0.02042536033239089
0.02042576693762698
0.020426174267818776
0.02042658235955305
0.020426990953895288
0.02042740027290509
0.02042780996395478
0.020428220184811618
0.020428630994080155
0.02042904252087474
0.02042945479272805
0.02042986760843265
0.020430281353460897
0.02043069567678801
0.020431110535745926
0.020431526076148294
0.02043194219445609
0.020432358259116153
0.020432774909186473
0.02043319215968833
0.02043361003469941
0.020434028296147315
0.020434447198325625
0.020434866387484305
0.020435286059662303
0.020435706356023955
0.02043612736718275
0.02043654895933228
0.020436970623632696
0.020437392401224115
0.020437814338818944
0.020438236698892776
0.020438659517534173
0.020439082884591328
0.02043950655339989
0.020439930785930233
0.02044035546177447
0.020440780502957615
0.020441206293424108
0.020441632579410014
0.020442059320801842
0.02044248644471686
0.020442913923734294
0.020443341519067713
0.020443769253678308
0.020444197318728322
0.020444625817885902
0.020445055078893538
0.020445484783135844
0.020445914523790677
0.020446344374142104
0.02044677456612154
0.020447205260384307
0.020447636410318736
0.020448067547769
0.020448498957080043
0.020448930424378266
0.020449362197310517
0.02044979434441946
0.02045022661975085
0.02045065889550291
0.02045109094300659
0.020451523036254
0.020451955224948536
0.020452387462197397
0.020452819156570493
0.0204532507392249
0.020453682586203076
0.020454114896446635
0.020454547605885907
0.02045498070656889
0.020455413747447346
0.020455847137608008
0.02045628061607155
0.02045671440474634
0.020457148537517452
0.0204575827245941
0.020458017271224913
0.020458452173687882
0.020458887428282238
0.020459323031329094
0.020459758976392135
0.020460195227835345
0.020460631646924143
0.0204610682191463
0.020461504751458127
0.020461941560404824
0.020462378625078877
0.020462815982856975
0.02046325338356842
0.020463691007362336
0.02046412837082198
0.020464565871637162
0.020465003583657455
0.02046544154187712
0.02046587999040354
0.020466318602099298
0.02046675745482413
0.02046719647776411
0.020467635549430846
0.020468074198596684
0.020468512642693684
0.02046895142391713
0.02046939048916042
0.020469829593820165
0.020470268690596205
0.02047070789073003
0.020471147296353184
0.02047158681295103
0.020472026182655877
0.0204724654464595
0.02047290477118243
0.020473344350357713
0.020473784250555127
0.02047422437444816
0.020474664719185666
0.020475105171110477
0.020475545622090096
0.020475986143746683
0.020476426525231912
0.020476866954196423
0.02047730680800511
0.020477746532257046
0.020478185758934227
0.020478625185134484
0.020479064808172322
0.020479504625378182
0.02047994463409835
0.020480384798086587
0.02048082504633665
0.02048126547756554
0.020481706089188326
0.02048214681998203
0.020482587436675546
0.020483028197989386
0.02048346912919163
0.020483910164859502
0.020484351257205435
0.02048479242405545
0.020485233744445313
0.020485675221465074
0.02048611679683271
0.02048655835753207
0.020486999996160427
0.020487441601044102
0.020487883314284243
0.02048832499900391
0.02048876628805046
0.020489207466059273
0.020489648778022198
0.020490090221657417
0.020490531526141578
0.020490972566283714
0.02049141366587649
0.020491854771890146
0.020492295929987227
0.02049273719718995
0.020493178574739916
0.020493620005352
0.02049406118593299
0.02049450211358092
0.02049494314591671
0.02049538428794107
0.020495825372230762
0.02049626640917885
0.020496707346756727
0.020497148183347462
0.020497589112519234
0.0204980301267293
0.020498471063360925
0.020498912086107157
0.02049935319299644
0.020499793730233046
0.020500233880141976
0.020500673971829184
0.02050111403236387
0.020501553996974377
0.020501993997569964
0.020502433985168815
0.020502874042125974
0.020503313955270375
0.020503753527989516
0.02050419287833834
0.020504631972774964
0.020505071102641256
0.020505510244088806
0.0205059492822555
0.02050638816370028
0.02050682685910734
0.020507265390462593
0.02050770395224651
0.020508142249638237
0.020508580047654434
0.02050901749852545
0.020509454775258548
0.020509891949618855
0.020510329036083946
0.020510766192923285
0.020511203522839375
0.02051164088383188
0.020512078274295784
0.020512515692635496
0.02051295312637983
0.020513390542557432
0.020513827940525572
0.02051426526630287
0.020514702459179912
0.020515139388318848
0.02051557581047269
0.02051601173783036
0.020516447454506398
0.02051688255755698
0.02051731749857763
0.020517752273429914
0.020518187055304705
0.02051862174456625
0.020519056414155332
0.02051949080980846
0.020519924923498425
0.020520358902040823
0.020520792878835892
0.020521226852499654
0.020521660836603502
0.020522094844215903
0.020522528693426148
0.02052296250122863
0.020523396298413987
0.020523829712439944
0.020524262974842986
0.0205246958982747
0.020525128460067887
0.020525561005348778
0.02052599345473165
0.020526425739146453
0.02052685799179488
0.02052729022218777
0.020527722429072637
0.020528154561628837
0.020528586640365196
0.020529018691150477
0.02052945071276739
0.02052988269544785
0.020530314635500993
0.020530746353585545
0.020531177803353805
0.020531609187090568
0.020532040533671053
0.0205324718419353
0.02053290311072968
0.020533334338906785
0.020533765387027194
0.020534196305897843
0.02053462718068386
0.020535058039794683
0.020535488807863687
0.02053591938745667
0.020536349503270084
0.020536779488091315
0.020537209341130507
0.02053763885597367
0.020538067972042353
0.02053849718651509
0.02053892634005747
0.020539355382340002
0.020539784306549326
0.020540213135960165
0.020540641903115345
0.02054107057160804
0.02054149890986962
0.020541927171625247
0.020542354958684398
0.020542782612808883
0.020543210198516352
0.02054363771004171
0.020544064829058368
0.02054449183925714
0.020544918718268752
0.02054534564321918
0.020545772230426623
0.020546198461634173
0.020546624158843573
0.020547049624235595
0.020547474951614294
0.020547899924979084
0.020548324778157302
0.020548749467459947
0.020549174042335094
0.020549598533603365
0.02055002293819003
0.020550447134762524
0.020550870773183155
0.02055129406156608
0.020551717261932147
0.020552140334427052
0.0205525632503638
0.020552986075678775
0.02055340880956271
0.020553831321751346
0.020554253332493822
0.020554675242909805
0.020555096871559552
0.020555518377407635
0.020555939559342644
0.020556360616078236
0.02055678157502641
0.020557202435429776
0.0205576231965364
0.02055804385759705
0.02055846441786709
0.020558884834904142
0.020559304967776422
0.020559724997827038
0.020560144884820667
0.02056056442658976
0.020560983863690582
0.020561402996774135
0.02056182176999668
0.020562240164301453
0.020562658191024184
0.020563076110504862
