0.04511219959959414
0.04144416594903239
0.03942956262637312
0.03799137376579125
0.03686248810108221
0.035925323005094954
0.035124150392720155
0.034425018023755
0.03380453775836098
0.03324581787134889
0.032738313210688104
0.03227456877316222
0.031847456503698204
0.03145199369375122
0.031083172738920285
0.03073902475296252
0.03041662630581741
0.03011339121062743
0.029827528215922154
0.029557314557892757
0.02930066806346089
0.02905654376420723
0.028824337518704293
0.028602735646653894
0.028391236936265298
0.028189164030155242
0.02799566551900331
0.02781044354854872
0.02763277038285239
0.027462258830401695
0.02729858003033502
0.027141223056606534
0.026989657079167863
0.026843355150007017
0.026702035972326385
0.026565653401683036
0.026433930063484948
0.026306493481864236
0.026183174316648246
0.026063903320427195
0.025948353933182754
0.025836331966407357
0.025727833309739177
0.025622462969885552
0.02552018086603906
0.025420787584167413
0.025324152335983095
0.02523021652014021
0.025138780221962902
0.0250498398746416
0.02496320246755661
0.024878830829885047
0.02479668344751785
0.024716726807303007
0.024638981980277603
0.02456325757804408
0.024489492873360656
0.02441757621620727
0.024347449686106033
0.02427906429730891
0.024212345519456654
0.024147176358029286
0.024083486433282036
0.024021323774502085
0.02396068068110181
0.02390146885464403
0.02384363671715149
0.023787044190244234
0.02373169146117293
0.02367755402500756
0.023624553838933412
0.023572711490966923
0.023522036420035204
0.023472407611469667
0.023423848628121583
0.02337636283775073
0.023329896235047252
0.023284412357312653
0.023239851680945393
0.023196186131483366
0.023153378061011434
0.02311145687438361
0.023070365914495978
0.02303004911274036
0.022990524490212386
0.02295179410169176
0.02291380264343653
0.022876515041959068
0.022839936652155095
0.022804021890769303
0.02276878723219459
0.022734205533519798
0.022700218472854167
0.022666887642359138
0.022634142603550355
0.02260201989955882
0.022570530916319925
0.022539592889147298
0.022509206980559273
0.022479347017297643
0.02245000590453833
0.02242117743537434
0.02239284695088563
0.02236500317976607
0.022337633659367737
0.02231075371679484
0.02228431199044759
0.022258310309026832
0.02223274694522729
0.022207620986633612
0.022182922474795728
0.02215864740950758
0.02213476899629791
0.022111314248233566
0.02208825369494939
0.022065556412082094
0.0220432141031362
0.022021225009121778
0.021999591594861007
0.021978298788360273
0.021957355992932238
0.021936733957675328
0.021916439134814805
0.021896477067166138
0.021876835527760024
0.02185751741528075
0.02183851302962621
0.021819808411591823
0.021801379875782442
0.02178323524563423
0.021765364731986807
0.02174777857535391
0.021730459870710813
0.0217133920157883
0.02169658325848118
0.021680025399889745
0.021663733086409852
0.021647685140752163
0.021631866742467813
0.021616276303447143
0.021600913160753705
0.02158578204595078
0.021570880835790358
0.0215561857336979
0.021541700330983193
0.02152743022890879
0.02151336029765816
0.021499489320325624
0.02148581009275542
0.02147233374013981
0.021459054808950155
0.021445969757437545
0.021433070731412884
0.021420344907449443
0.021407798618883377
0.021395430640603747
0.02138323928745359
0.021371221158745596
0.02135937260973287
0.021347677983524417
0.021336133983230313
0.02132475165183629
0.021313532171400876
0.021302460923311558
0.021291536778202207
0.021280764542261292
0.02127013197610381
0.021259638204225214
0.021249285088641774
0.02123907474304321
0.02122899950386745
0.021219065399259423
0.021209272682180227
0.02119962156924726
0.021190111827435357
0.02118072003758406
0.021171449183219147
0.021162298088764842
0.02115326485534771
0.021144355202436505
0.021135569383782547
0.02112690229608483
0.021118347564660318
0.021109904728439752
0.021101570044469435
0.021093355178668772
0.021085247533368743
0.021077250487755005
0.021069357479821534
0.021061563073999756
0.02105387087700048
0.02104628165231331
0.02103879454438162
0.02103140134769557
0.02102410113183223
0.021016892283382084
0.021009781650461096
0.021002765538741575
0.020995834804111237
0.020988995719018105
0.020982241616285455
0.020975569875796924
0.02096897136304491
0.02096245707724783
0.020956025723038996
0.020949678605122875
0.020943408840018128
0.020937216778611857
0.020931097450410278
0.020925054623589966
0.020919089978383192
0.020913194556450607
0.02090737645126463
0.020901631957697838
0.020895959684429782
0.020890359708223605
0.0208848316152155
0.020879375168677692
0.02087398611528866
0.020868664493757693
0.020863409093156877
0.020858221464258076
0.020853104606311703
0.020848048277862564
0.02084305017293782
0.020838111938419467
0.02083323421340502
0.020828416997278207
0.020823656391646562
0.020818958424072567
0.020814321505203605
0.020809739159164783
0.020805211615489656
0.020800740573030666
0.020796323213312706
0.02079195744329643
0.020787642940047212
0.020783378343333502
0.02077916536543111
0.02077500340818202
0.020770895144014884
0.020766845367927153
0.020762847557157994
0.02075889931862648
0.020754998782161256
0.020751143891833385
0.02074733453872615
0.02074357160706554
0.020739852977338435
0.020736180341006917
0.020732552742600836
0.020728968832358342
0.020725427137277274
0.02072192974053182
0.02071847489646488
0.020715059877410975
0.020711686349916276
0.020708352122957716
0.02070505139052323
0.020701794933775296
0.020698579762341657
0.02069540693484991
0.02069227188685042
0.020689178438717464
0.02068612293692335
0.02068310483907487
0.020680122360722763
0.02067717874985774
0.02067427244118009
0.020671401090768045
0.020668563946607942
0.020665757702618765
0.020662985033360615
0.020660242812628304
0.020657533259407838
0.020654856317788968
0.020652212273652076
0.02064960080307968
0.020647023803734222
0.02064448001143646
0.020641964689577366
0.020639477950275646
0.020637020906362255
0.020634592567788042
0.02063219319506896
0.02062982212093578
0.020627479495760933
0.02062516881354878
0.020622885713065583
0.020620631290253905
0.020618407702308064
0.02061621174552061
0.020614041230388513
0.02061189732735253
0.02060977980527489
0.02060768720260621
0.020605620175424947
0.020603581231866057
0.02060157091327818
0.02059958493490754
0.020597622834389474
0.020595684038603516
0.020593768626720063
0.020591874463899713
0.020590003906385886
0.02058815643051841
0.02058633122584967
0.0205845279864795
0.020582749709928225
0.020580994580930916
0.02057926237114038
0.020577552773526527
0.02057586365889774
0.02057419535873503
0.020572548721022422
0.020570922935139457
0.020569317199897227
0.02056773148156458
0.02056616558894639
0.02056461887924266
0.020563091304015305
0.020561582840444015
0.0205600938557281
0.020558623575150467
0.02055717152685917
0.020555738039892833
0.020554322808552468
0.020552925318632745
0.020551546244019295
0.020550188363617165
0.02054885140254017
0.020547532392618282
0.020546230309813927
0.020544945871581344
0.020543678188062853
0.020542426877403788
0.020541191733116568
0.020539972296461373
0.02053876910758378
0.020537581720250143
0.02053641011275599
0.020535254800885104
0.020534114936333024
0.020532989224753433
0.020531878818250377
0.020530783936463626
0.02052970462365109
0.020528639348175524
0.02052758865915396
0.0205265524122062
0.020525530363833793
0.02052452177436062
0.020523527194297193
0.02052254712616473
0.020521581453968624
0.0205206306685949
0.020519692623801288
0.020518767473296153
0.02051785523775118
0.020516956164773847
0.02051607018484537
0.020515194353544198
0.020514330803592027
0.020513479989502054
0.02051264196617632
0.020511817253097503
0.020511003175264213
0.020510202612044705
0.020509413687362685
0.02050863526647697
0.02050786878001195
0.02050711393744887
0.020506370455968613
0.020505638131946304
0.020504917452596434
0.02050420700543305
0.020503507220320075
0.02050281967240011
0.02050214434804216
0.020501480017845495
0.0205008266343571
0.020500184327047467
0.02049955247822832
0.02049893116187428
0.020498319968275648
0.02049771897783571
0.020497130266935004
0.020496553558408973
0.020495986988850082
0.02049542999767013
0.020494882735313948
0.020494345367086098
0.020493817991524128
0.02049329983649581
0.02049279005012667
0.020492288378869444
0.0204917950225988
0.020491310157648518
0.02049083397823178
0.02049036814598749
0.020489911386970455
0.020489463590184782
0.020489024435018988
0.020488594650983096
0.020488174058393052
0.0204877610845144
0.02048735640125713
0.020486959571718564
0.020486570659403118
0.02048618867061731
0.02048581380212093
0.02048544677517604
0.020485087394354545
0.020484735341781225
0.020484391535304167
0.020484055235968756
0.020483726103055766
0.02048340427744396
0.020483089660754343
0.02048278289061469
0.02048248495760421
0.020482193773894198
0.02048190936399014
0.020481631928820025
0.02048136123472786
0.020481097014561505
0.02048083936636026
0.020480588113056936
0.020480343548101222
0.020480105988010408
0.020479875856373845
0.02047965196346398
0.0204794342869101
0.020479222757779417
0.020479017404134322
0.020478818255870484
0.0204786257744681
0.020478439440693233
0.020478259050440727
0.020478084244568064
0.020477915707298667
0.020477753317783766
0.020477596613546527
0.02047744511150446
0.020477299393228933
0.020477158753540368
0.020477022308973945
0.02047689123229418
0.02047676526088491
0.020476644214026802
0.020476527927289018
0.020476416089936268
0.020476307289968906
0.020476204387873946
0.020476106897410685
0.020476014925112994
0.020475929247581837
0.020475848570789306
0.02047577331238318
0.020475703119870653
0.020475637790535434
0.02047557717269916
0.02047552090439987
0.020475469173844324
0.02047542250983612
0.02047538080702164
0.02047534461152458
0.02047531311275477
0.02047528631476688
0.020475264181198275
0.020475246400386064
0.02047523303295846
0.020475224854465044
0.020475221475852123
0.02047522263631622
0.02047522862616261
0.02047523938941797
0.02047525459313904
0.02047527440300508
0.02047529863327847
0.020475327474061538
0.020475360704531247
0.020475398143507555
0.020475439599054512
0.02047548515331148
0.020475534435293645
0.020475587480682986
0.020475644116772083
0.020475703038428363
0.02047576392983038
0.02047582792818358
0.020475895202111863
0.020475966184659196
0.02047604082985479
0.020476119324602637
0.020476201553243697
0.020476287737383924
0.02047637812213479
0.020476471733379954
0.020476568329938417
0.020476668042223423
0.02047677115049439
0.020476877835536898
0.02047698847554266
0.02047710261405942
0.020477220657882298
0.02047734220839085
0.020477466989627744
0.020477594719039895
0.02047772490638579
0.020477858210027487
0.020477994598867733
0.02047813417967241
0.020478276865189028
0.020478421740653743
0.02047856971254135
0.02047872091860013
0.020478875763702442
0.020479033734321132
0.020479194892651764
0.02047935904194793
0.020479526277490546
0.02047969616464252
0.020479868518059142
0.02048004395893516
0.020480222171272613
0.02048040311903043
0.020480586795524478
0.0204807727490995
0.02048096132133259
0.020481152640495843
0.020481346685760703
0.020481543550816286
0.020481742698424985
0.02048194448282677
0.02048214877182744
0.02048235561609164
0.020482565106132347
0.020482777236040015
0.020482991515007227
0.020483208258336626
0.020483427814088767
0.02048364986865843
0.020483874116192357
0.02048410044297227
0.020484329366509128
0.02048456091621431
0.020484794838644724
0.02048503098952157
0.02048526938240708
0.020485510366037782
0.020485753607798616
0.020485999057892702
0.02048624691181321
0.02048649529029982
0.02048674489779774
0.020486996710639905
0.020487250678221023
0.02048750679978806
0.020487765011726215
0.02048802508668105
0.02048828731989378
0.020488551611844402
0.020488817984433978
0.020489086421806083
0.02048935689958122
0.020489629381566926
0.020489903850493704
0.020490180169645027
0.020490458493958832
0.020490738660021088
0.020491020441864235
0.020491303644031896
0.020491588472969828
0.020491874997035822
0.020492163182548043
0.020492452581846364
0.020492743676533507
0.020493036511443186
0.0204933311658801
0.02049362750386999
0.020493925298954958
0.0204942248856646
0.02049452628799165
0.02049482957615921
0.02049513376759655
0.02049543938260332
0.020495747227930065
0.020496056251935214
0.020496366376182212
0.020496677178856507
0.020496989465483173
0.020497303376478523
0.020497618899325467
0.020497935535717892
0.020498253873236623
0.020498573732126612
0.020498894772220323
0.020499217354482673
0.020499541545979282
0.020499867364911478
0.02050019426751159
0.02050052267202903
0.020500852223646775
0.02050118268703525
0.02050151445966242
0.02050184763474127
0.02050218220499233
0.02050251817898842
0.020502855192157814
0.020503193558240828
0.020503533081352648
0.02050387384887336
0.02050421540116911
0.020504557320878154
0.020504900569784382
0.020505245079329774
0.020505590679985572
0.02050593757241757
0.020506285914065076
0.020506635694423677
0.02050698661628735
0.020507338079220967
0.02050769023915391
0.020508043566585157
0.02050839805543157
0.02050875358426318
0.020509109625660715
0.020509466512855654
0.02050982430000872
0.020510183253404257
0.020510543376754706
0.020510904383539787
0.0205112665254358
0.02051162963723131
0.020511993754052136
0.02051235820723507
0.020512722366362444
0.020513087568563057
0.020513453647188366
0.020513820778207213
0.02051418895892288
0.020514557750884097
0.020514926150564064
0.020515294972019947
0.020515664740409688
0.02051603529673565
0.020516406392605106
0.02051677841826389
0.020517151174089462
0.02051752465352405
0.02051789915821783
0.020518274420655378
0.020518650564635157
0.020519027385280712
0.020519405077466746
0.02051978401522622
0.02052016391683291
0.020520544658266457
0.02052092562293004
0.02052130732173831
0.020521689482299623
0.02052207221355198
0.020522455670702513
0.02052283933515562
0.020523223485898596
0.020523607629734326
0.020523992362345745
0.02052437753131967
0.020524763055246677
0.02052514933573213
0.020525536298969155
0.02052592406440223
0.02052631254986855
0.02052670159773337
0.02052709137604725
0.020527481791567936
0.02052787280129828
0.020528264457787482
0.02052865686287021
0.020529050002542237
0.020529443853694
0.020529837711725448
0.020530230972168287
0.02053062494874106
0.020531019533710525
0.020531414529501472
0.020531810224038546
0.020532206539838744
0.020532602889288123
0.020532999906626832
0.020533397445042983
0.02053379539514827
0.020534193860327087
0.020534592844828246
0.0205349922628814
0.020535392119659678
0.0205357919960636
0.02053619183221927
0.020536591985507106
0.020536992807952577
0.02053739424031825
0.020537796027995072
0.020538197938036604
0.02053860040041177
0.02053900342465962
0.020539406359321666
0.020539809762023464
0.020540213737953623
0.02054061829124898
0.02054102341346009
0.020541429092971443
0.02054183532474185
0.02054224210376155
0.020542649425052007
0.020543057313011846
0.020543465739726784
0.020543874690345867
0.02054428380116505
0.020544693332458557
0.020545103346556213
0.020545513865215827
0.020545924737319515
0.02054633551696273
0.02054674651912436
0.020547157602397174
0.020547569051171864
0.020547980771615102
0.020548391932960406
0.020548803024024564
0.020549214244998774
0.020549625920337555
0.020550038045686607
0.02055045061671229
0.020550863566312257
0.020551276939791054
0.02055169073007703
0.020552104824480798
0.02055251901369615
0.020552933621061257
0.0205533486424541
0.020553763933910226
0.020554179323886465
0.020554595114512183
0.02055501130177705
0.020555427881694333
0.020555844752523884
0.02055626194598988
0.020556679224473094
0.02055709665181592
0.02055751447172033
0.020557932752212467
0.020558351368876175
0.020558770050575947
0.02055918885064399
0.020559607773698866
0.020560026794434267
0.020560445916131025
0.020560865019629858
0.02056128447047704
0.020561704300227055
0.02056212446938388
0.02056254492252509
0.020562965594102173
0.02056338641688294
0.020563807360889957
0.020564228251734564
0.020564649226754054
0.020565070445515712
0.020565491788655552
0.02056591251257659
0.02056633289964272
0.020566753543419553
0.020567174472178897
0.020567595319673903
0.020568016431976064
0.02056843778438285
0.020568858897463894
0.02056928037694466
0.020569702048372735
0.020570123928044054
0.02057054606452599
0.020570968377665276
0.02057139065039695
0.020571813170555096
0.020572234338860653
0.020572655383939348
0.020573076562193725
0.020573497507215526
0.020573918691729778
0.020574340129515166
0.02057476167116632
0.02057518322675877
0.020575605142309095
0.020576027133097936
0.020576449022900307
0.020576871100602454
0.02057729331960331
0.02057771552220468
0.020578137826237474
0.020578560172147785
0.02057898258567904
0.02057940500800735
0.020579827582660627
0.020580250351792125
0.020580673306545706
0.02058109644432032
0.020581519762530472
0.020581942993262388
0.0205823662867884
0.020582789744249094
0.02058321329840483
0.020583636880283376
0.020584060597679116
0.020584484476110852
0.02058490846134941
0.020585332349204493
0.020585756272899273
0.020586180346715527
0.02058660456828383
0.02058702876538704
0.02058745304508563
0.020587877465358527
0.020588302023886406
0.020588726718363873
0.02058915147367116
0.020589575746586083
0.020590000109168897
0.020590424581198457
0.020590849040183407
0.020591273696331812
0.02059169849737627
0.020592123414189967
0.020592548444610705
0.020592973615951027
0.020593398838627038
0.020593824004848764
0.020594248715588463
0.02059467345897383
0.020595098301643966
0.020595523241543852
0.02059594785265766
0.020596372032785845
0.020596796319720695
0.02059722036917793
0.02059764441708755
0.020598068373610414
0.020598492292841778
0.020598916292108162
0.020599340364055602
0.02059976449302944
0.02060018811054184
0.02060061175507065
0.0206010353182966
0.02060145882487787
0.02060188227259322
0.02060230559152397
0.020602728484199282
0.020603151257311086
0.020603574090827723
0.020603997005519663
0.020604419995901017
0.020604843041864575
0.02060526615124292
0.02060568907609903
0.020606112005913394
0.020606535036425757
0.020606957792916346
0.020607380593086755
0.02060780337201287
0.020608225574120752
0.020608647632572637
0.020609069585279305
0.020609491469830914
0.020609913387463374
0.020610335336557137
0.020610757287064355
0.020611179169166632
0.020611601077533147
0.020612023010585057
0.020612444942608887
0.02061286659040487
0.020613288258460878
0.02061370994523624
0.02061413164919944
0.02061455303653175
0.02061497435546649
0.02061539568698235
0.020615816663405673
0.020616237462461006
0.02061665757842078
0.02061707718610481
0.020617496082732143
0.02061791478982364
0.02061833329111352
0.020618751681885795
0.02061917000724253
0.02061958775507098
0.020620005400430706
0.020620422880432396
0.02062084001472327
0.020621257087741315
0.020621674153147203
0.020622091209600606
0.020622508248695375
0.020622924594397504
0.020623341193872324
0.020623758002247597
0.02062417467094004
0.02062459132051947
0.020625007782675377
0.02062542417408445
0.02062584054245279
0.020626256623127226
0.020626672295999963
0.02062708792995294
0.020627503421228724
0.020627918821337844
0.02062833414695295
0.020628749181324804
0.02062916418133418
0.020629579080819985
0.02062999366026359
0.020630408042484588
0.02063082238182417
0.02063123618814775
0.02063164934245133
0.02063206214051798
0.020632474846122382
0.02063288720006552
0.02063329907914309
0.020633710846079054
0.020634122567143403
0.020634534241256976
0.020634945791373826
0.02063535726294646
0.020635768707006
0.020636180094834727
0.020636591285252113
0.020637002396506534
0.020637413452575137
0.020637824310797425
0.020638234907480672
0.020638645446267673
0.02063905591877267
0.020639466188329104
0.0206398763968482
0.020640286543347132
0.02064069662684896
0.02064110660257207
0.020641516425613352
0.02064192618232829
0.020642335871766587
0.02064274536996957
0.020643154394722214
0.020643563325172247
0.020643972184977034
0.02064438097321705
0.02064478968897744
0.020645198331349663
0.0206456068340279
0.020646015241400136
0.020646423482386506
0.020646831545445974
0.020647239289673904
0.02064764695019205
0.020648054291410037
0.020648461502192076
0.020648868423952298
0.020649275260148394
0.020649682012652118
0.020650088665764062
0.02065049487332408
0.020650900977433457
0.020651307012878553
0.020651712585791775
0.020652117704784388
0.02065252266474404
0.0206529275211608
0.0206533322865388
0.0206537368882865
0.020654141200158377
0.02065454530715438
0.020654949276356072
0.02065535323417334
0.020655757246687365
0.02065616112278912
0.02065656473125842
0.02065696822888561
0.020657371631858615
0.020657774932318382
0.02065817812955371
0.020658581222858245
0.020658984200745825
0.020659386747498655
0.02065978911633838
0.02066019136432999
0.020660593157254457
0.02066099465419555
0.02066139604250076
